image: aula0.5.pgm
resolution: 0.050000
origin: [-6.082618, -11.690659, 0.000000]
negate: 0
occupied_thresh: 0.65
free_thresh: 0.196

